0 0 6380
1 6381 3598
2 9980 6845
3 16826 10126
4 26953 2194
5 29148 3685
6 32834 2346
7 35181 3718
8 38900 2960
9 41861 3750
10 45612 1645
11 47258 10117
12 57376 2164
13 59541 4974
14 64516 2440
15 66957 1537
16 68495 7935
17 76431 6758
18 83190 4461
19 87652 9580
20 97233 6395
21 103629 5744
22 109374 2890
23 112265 5687
24 117953 10399
25 128353 4320
26 132674 6116
27 138791 4646
28 143438 2299
29 145738 3442
30 149181 8875
31 158057 1828
32 159886 5734
33 165621 4052
34 169674 4054
35 173729 2633
36 176363 394
37 176758 1880
38 178639 7361
39 186001 4441
40 190443 2455
41 192899 1770
42 194670 3103
43 197774 3539
44 201314 2810
45 204125 5222
46 209348 1200
47 210549 1192
48 211742 3132
49 214875 7607
50 222483 7625
51 230109 1211
52 231321 6035
53 237357 1715
54 239073 2353
55 241427 4823
56 246251 1748
57 248000 3370
58 251371 1948
59 253320 1199
60 254520 2657
61 257178 700
62 257879 2818
63 260698 5201
64 265900 219
65 266120 1676
66 267797 2849
67 270647 4161
68 274809 1275
69 276085 1137
70 277223 1634
71 278858 1209
72 280068 1686
73 281755 850
74 282606 895
75 283502 3826
76 287329 860
77 288190 3131
78 291322 7820
79 299143 2565
80 301709 1532
81 303242 3177
82 306420 1185
83 307606 2717
84 310324 2374
85 312699 1373
86 314073 1059
87 315133 3688
88 318822 3084
89 321907 1490
90 323398 8347
91 331746 1491
92 333238 2077
93 335316 982
94 336299 1689
95 337989 1649
96 339639 940
97 340580 2448
98 343029 9614
99 352644 3964
100 356609 9142
101 365752 6906
102 372659 8595
103 381255 11215
104 392471 14531
105 407003 8701
106 415705 13019
107 428725 12191
108 440917 8423
109 449341 21114
110 470456 12105
111 482562 41952
112 524515 21840
113 546356 21868
114 568225 8921
115 577147 4337
116 581485 5465
117 586951 3024
118 589976 2769
119 592746 3753
120 596500 2146
121 598647 4026
122 602674 13052
123 615727 2532
124 618260 1938
125 620199 3633
126 623833 3870
127 627704 3886
128 631591 1921
129 633513 5439
130 638953 6857
131 645811 2533
132 648345 4596
133 652942 6953
134 659896 1526
135 661423 2491
136 663915 2689
137 666605 819
138 667425 5359
139 672785 290
140 673076 866
141 673943 3566
142 677510 5921
143 683432 1264
144 684697 1408
145 686106 3682
146 689789 4612
147 694402 2408
148 696811 2226
149 699038 3794
150 702833 4090
151 706924 964
152 707889 2959
153 710849 1170
154 712020 1810
155 713831 2029
156 715861 3141
157 719003 7143
158 726147 8580
159 734728 3988
160 738717 3994
161 742712 4643
162 747356 3933
163 751290 4660
164 755951 1187
165 757139 4246
166 761386 2738
167 764125 1746
168 765872 1108
169 766981 4070
170 771052 3890
171 774943 2912
172 777856 1320
173 779177 3185
174 782363 7698
175 790062 18958
176 809021 2227
177 811249 3803
178 815053 1677
179 816731 4259
180 820991 5137
181 826129 8884
182 835014 3158
183 838173 13406
184 851580 3751
185 855332 6367
186 861700 8679
187 870380 5763
188 876144 2187
189 878332 4993
190 883326 1244
191 884571 3900
192 888472 6353
193 894826 1685
194 896512 3470
195 899983 2836
196 902820 6327
197 909148 5431
198 914580 1817
199 916398 6734
200 923133 3649
201 926783 10466
202 937250 7015
203 944266 4599
204 948866 3561
205 952428 6420
206 958849 9623
207 968473 1621
208 970095 2813
209 972909 2431
210 975341 4568
211 979910 8706
212 988617 1590
213 990208 4820
214 995029 3154
215 998184 5176
216 1003361 5562
217 1008924 4690
218 1013615 5524
219 1019140 1883
220 1021024 3832
221 1024857 6049
222 1030907 2478
223 1033386 4430
224 1037817 989
225 1038807 810
226 1039618 4166
227 1043785 2662
228 1046448 2971
229 1049420 1258
230 1050679 1949
231 1052629 2325
232 1054955 2705
233 1057661 2293
234 1059955 1303
235 1061259 4679
236 1065939 4556
237 1070496 3556
238 1074053 3118
239 1077172 4104
240 1081277 4430
241 1085708 2782
242 1088491 3828
243 1092320 2325
244 1094646 1754
245 1096401 2257
246 1098659 20419
247 1119079 3269
248 1122349 4088
249 1126438 1935
250 1128374 8676
251 1137051 2666
252 1139718 5284
253 1145003 5336
254 1150340 3678
255 1154019 4151
256 1158171 5913
257 1164085 3041
258 1167127 5454
259 1172582 1755
260 1174338 2635
261 1176974 5033
262 1182008 4789
263 1186798 3323
264 1190122 5410
265 1195533 5491
266 1201025 4286
267 1205312 2546
268 1207859 4417
269 1212277 7380
270 1219658 4728
271 1224387 924
272 1225312 813
273 1226126 2248
274 1228375 1787
275 1230163 955
276 1231119 1849
277 1232969 12089
278 1245059 4432
279 1249492 6866
280 1256359 9944
281 1266304 1134
282 1267439 9888
283 1277328 3378
284 1280707 1418
285 1282126 3520
286 1285647 4672
287 1290320 5533
288 1295854 801
289 1296656 2588
290 1299245 3934
291 1303180 3527
292 1306708 5163
293 1311872 5254
294 1317127 1322
295 1318450 9319
296 1327770 3294
297 1331065 614
298 1331680 1550
299 1333231 3311
300 1336543 1887
301 1338431 3270
302 1341702 5074
303 1346777 2076
304 1348854 5801
305 1354656 2318
306 1356975 4219
307 1361195 4911
308 1366107 9610
309 1375718 2040
310 1377759 1874
311 1379634 2666
312 1382301 3206
313 1385508 9568
314 1395077 3477
315 1398555 8356
316 1406912 2162
317 1409075 1753
318 1410829 1065
319 1411895 1475
320 1413371 1085
321 1414457 1387
322 1415845 5343
323 1421189 5002
324 1426192 2175
325 1428368 1762
326 1430131 4030
327 1434162 2347
328 1436510 2281
329 1438792 7698
330 1446491 1343
331 1447835 1508
332 1449344 4291
333 1453636 1293
334 1454930 1257
335 1456188 1435
336 1457624 1712
337 1459337 5178
338 1464516 2544
339 1467061 1398
340 1468460 3193
341 1471654 10818
342 1482473 3856
343 1486330 9537
344 1495868 3812
345 1499681 1545
346 1501227 2118
347 1503346 7008
348 1510355 1882
349 1512238 7241
350 1519480 3311
351 1522792 1937
352 1524730 12823
353 1537554 5246
354 1542801 4678
355 1547480 1401
356 1548882 2495
357 1551378 2339
358 1553718 2171
359 1555890 3638
360 1559529 1412
361 1560942 11073
362 1572016 1193
363 1573210 701
364 1573912 4744
365 1578657 2064
366 1580722 1320
367 1582043 929
368 1582973 7382
369 1590356 3120
370 1593477 1918
371 1595396 2898
372 1598295 998
373 1599294 1340
374 1600635 1380
375 1602016 553
376 1602570 4623
377 1607194 4950
378 1612145 3258
379 1615404 2211
380 1617616 884
381 1618501 814
382 1619316 1269
383 1620586 5679
384 1626266 1609
385 1627876 794
386 1628671 1703
387 1630375 12952
388 1643328 583
389 1643912 1863
390 1645776 2492
391 1648269 2340
392 1650610 2707
393 1653318 1673
394 1654992 646
395 1655639 2182
396 1657822 2216
397 1660039 2218
398 1662258 2347
399 1664606 2152
400 1666759 509
401 1667269 2448
402 1669718 1259
403 1670978 3111
404 1674090 1581
405 1675672 733
406 1676406 1068
407 1677475 14581
408 1692057 1116
409 1693174 2519
410 1695694 3106
411 1698801 6198
412 1705000 9137
413 1714138 11596
414 1725735 2086
415 1727822 6477
416 1734300 5739
417 1740040 5947
418 1745988 1244
419 1747233 4944
420 1752178 9917
421 1762096 5495
422 1767592 3032
423 1770625 2007
424 1772633 1973
425 1774607 2338
426 1776946 1839
427 1778786 1433
428 1780220 1517
429 1781738 1574
430 1783313 1652
431 1784966 3458
432 1788425 2554
433 1790980 15190
434 1806171 7939
435 1814111 3689
436 1817801 6143
437 1823945 2546
438 1826492 3699
439 1830192 2749
440 1832942 1401
441 1834344 1949
442 1836294 4947
443 1841242 1421
444 1842664 1715
445 1844380 1853
446 1846234 2848
447 1849083 8133
448 1857217 7495
449 1864713 3506
450 1868220 9690
451 1877911 1660
452 1879572 969
453 1880542 1668
454 1882211 4144
455 1886356 1038
456 1887395 14984
457 1902380 6464
458 1908845 3490
459 1912336 3501
460 1915838 1231
461 1917070 4798
462 1921869 779
463 1922649 518
464 1923168 7776
465 1930945 2847
466 1933793 3638
467 1937432 2725
468 1940158 1230
469 1941389 1010
470 1942400 11747
471 1954148 5283
472 1959432 5876
473 1965309 1774
474 1967084 1030
475 1968115 22561
476 1990677 1529
477 1992207 6601
478 1998809 6397
479 2005207 1652
480 2006860 3798
481 2010659 2122
482 2012782 639
483 2013422 672
484 2014095 646
485 2014742 691
486 2015434 673
487 2016108 649
488 2016758 597
489 2017356 567
490 2017924 705
491 2018630 674
492 2019305 685
493 2019991 656
494 2020648 651
495 2021300 654
496 2021955 654
497 2022610 654
498 2023265 651
499 2023917 645
500 2024563 656
501 2025220 656
502 2025877 672
503 2026550 655
504 2027206 568
505 2027775 646
506 2028422 701
507 2029124 644
508 2029769 384
509 2030154 689
510 2030844 666
511 2031511 449
512 2031961 655
513 2032617 699
514 2033317 651
515 2033969 683
516 2034653 669
517 2035323 658
518 2035982 678
519 2036661 671
520 2037333 681
521 2038015 675
522 2038691 652
523 2039344 652
524 2039997 639
525 2040637 673
526 2041311 646
527 2041958 694
528 2042653 650
529 2043304 647
530 2043952 351
531 2044304 568
532 2044873 672
533 2045546 657
534 2046204 568
535 2046773 643
536 2047417 690
537 2048108 568
538 2048677 648
539 2049326 676
540 2050003 646
541 2050650 688
542 2051339 684
543 2052024 652
544 2052677 568
545 2053246 309
546 2053556 326
547 2053883 672
548 2054556 655
549 2055212 304
550 2055517 326
551 2055844 681
552 2056526 568
553 2057095 646
554 2057742 674
555 2058417 696
556 2059114 647
557 2059762 652
558 2060415 647
559 2061063 651
560 2061715 669
561 2062385 673
562 2063059 653
563 2063713 669
564 2064383 671
565 2065055 646
566 2065702 646
567 2066349 669
568 2067019 661
569 2067681 696
570 2068378 675
571 2069054 684
572 2069739 661
573 2070401 690
574 2071092 678
575 2071771 675
576 2072447 678
577 2073126 670
578 2073797 638
579 2074436 646
580 2075083 636
581 2075720 640
582 2076361 642
583 2077004 650
584 2077655 659
585 2078315 651
586 2078967 674
587 2079642 595
588 2080238 668
589 2080907 657
590 2081565 640
591 2082206 652
592 2082859 670
593 2083530 650
594 2084181 652
595 2084834 650
596 2085485 648
597 2086134 682
598 2086817 660
599 2087478 670
600 2088149 683
601 2088833 683
602 2089517 640
603 2090158 632
604 2090791 644
605 2091436 650
606 2092087 660
607 2092748 653
608 2093402 655
609 2094058 595
610 2094654 670
611 2095325 644
612 2095970 654
613 2096625 641
614 2097267 670
615 2097938 645
616 2098584 658
617 2099243 670
618 2099914 633
619 2100548 644
620 2101193 651
621 2101845 662
622 2102508 654
623 2103163 649
624 2103813 597
625 2104411 667
626 2105079 656
627 2105736 639
628 2106376 670
629 2107047 646
630 2107694 659
631 2108354 723
632 2109078 660
633 2109739 669
634 2110409 622
635 2111032 594
636 2111627 651
637 2112279 652
638 2112932 637
639 2113570 644
640 2114215 652
641 2114868 659
642 2115528 652
643 2116181 648
644 2116830 654
645 2117485 641
646 2118127 669
647 2118797 669
648 2119467 643
649 2120111 646
650 2120758 662
651 2121421 669
652 2122091 634
653 2122726 647
654 2123374 650
655 2124025 662
656 2124688 651
657 2125340 647
658 2125988 594
659 2126583 669
660 2127253 652
661 2127906 637
662 2128544 669
663 2129214 642
664 2129857 648
665 2130506 662
666 2131169 669
667 2131839 642
668 2132482 634
669 2133117 647
670 2133765 651
671 2134417 663
672 2135081 653
673 2135735 649
674 2136385 669
675 2137055 594
676 2137650 707
677 2138358 654
678 2139013 641
679 2139655 669
680 2140325 698
681 2141024 690
682 2141715 643
683 2142359 662
684 2143022 666
685 2143689 689
686 2144379 665
687 2145045 683
688 2145729 678
689 2146408 680
690 2147089 668
691 2147758 683
692 2148442 678
693 2149121 681
694 2149803 680
695 2150484 644
696 2151129 651
697 2151781 649
698 2152431 637
699 2153069 647
700 2153717 646
701 2154364 663
702 2155028 652
703 2155681 681
704 2156363 594
705 2156958 640
706 2157599 666
707 2158266 663
708 2158930 655
709 2159586 640
710 2160227 677
711 2160905 669
712 2161575 639
713 2162215 662
714 2162878 669
715 2163548 632
716 2164181 646
717 2164828 651
718 2165480 666
719 2166147 655
720 2166803 655
721 2167459 596
722 2168056 654
723 2168711 639
724 2169351 669
725 2170021 639
726 2170661 661
727 2171323 669
728 2171993 630
729 2172624 595
730 2173220 655
731 2173876 654
732 2174531 655
733 2175187 634
734 2175822 648
735 2176471 652
736 2177124 662
737 2177787 652
738 2178440 681
739 2179122 671
740 2179794 653
741 2180448 639
742 2181088 671
743 2181760 706
744 2182467 628
745 2183096 654
746 2183751 693
747 2184445 646
748 2185092 663
749 2185756 671
750 2186428 678
751 2187107 677
752 2187785 708
753 2188494 687
754 2189182 664
755 2189847 666
756 2190514 665
757 2191180 679
758 2191860 677
759 2192538 708
760 2193247 631
761 2193879 648
762 2194528 651
763 2195180 633
764 2195814 647
765 2196462 652
766 2197115 663
767 2197779 649
768 2198429 704
769 2199134 596
770 2199731 671
771 2200403 655
772 2201059 638
773 2201698 670
774 2202369 650
775 2203020 659
776 2203680 671
777 2204352 669
778 2205022 633
779 2205656 647
780 2206304 646
781 2206951 659
782 2207611 655
783 2208267 668
784 2208936 595
785 2209532 671
786 2210204 663
787 2210868 654
788 2211523 637
789 2212161 671
790 2212833 658
791 2213492 674
792 2214167 671
793 2214839 596
794 2215436 677
795 2216114 671
796 2216786 659
797 2217446 636
798 2218083 671
799 2218755 655
800 2219411 636
801 2220048 642
802 2220691 671
803 2221363 652
804 2222016 712
805 2222729 654
806 2223384 672
807 2224057 686
808 2224744 666
809 2225411 656
810 2226068 674
811 2226743 678
812 2227422 663
813 2228086 676
814 2228763 673
815 2229437 5041
816 2234479 9660
817 2244140 1669
818 2245810 768
819 2246579 753
820 2247333 2935
821 2250269 1889
822 2252159 2327
823 2254487 3193
824 2257681 2907
825 2260589 2959
826 2263549 3031
827 2266581 2462
828 2269044 2493
829 2271538 2562
830 2274101 879
831 2274981 1616
832 2276598 5854
833 2282453 2602
834 2285056 1300
835 2286357 2064
836 2288422 1587
837 2290010 2907
838 2292918 5826
839 2298745 1219
840 2299965 2846
841 2302812 1868
842 2304681 1261
843 2305943 1145
844 2307089 1802
845 2308892 5988
846 2314881 1821
847 2316703 3464
848 2320168 1617
849 2321786 636
850 2322423 2728
851 2325152 923
852 2326076 5783
853 2331860 5235
854 2337096 1637
855 2338734 788
856 2339523 817
857 2340341 2509
858 2342851 5824
859 2348676 3747
860 2352424 3858
861 2356283 3765
862 2360049 3804
863 2363854 3822
864 2367677 650
865 2368328 5794
866 2374123 710
867 2374834 2829
868 2377664 2876
869 2380541 1109
870 2381651 1294
871 2382946 7551
872 2390498 1499
873 2391998 2305
874 2394304 2108
875 2396413 1475
876 2397889 980
877 2398870 1721
878 2400592 2639
879 2403232 1932
880 2405165 16947
881 2422113 1568
882 2423682 4850
883 2428533 2130
884 2430664 2824
885 2433489 6242
886 2439732 561
887 2440294 4045
888 2444340 2039
889 2446380 1237
890 2447618 4627
891 2452246 872
892 2453119 2138
893 2455258 1913
894 2457172 4157
895 2461330 4699
896 2466030 9196
897 2475227 4125
898 2479353 2721
899 2482075 863
900 2482939 828
901 2483768 929
902 2484698 1071
903 2485770 8524
904 2494295 4248
905 2498544 3243
906 2501788 12741
907 2514530 4553
908 2519084 2394
909 2521479 2441
910 2523921 683
911 2524605 1366
912 2525972 10002
913 2535975 21582
914 2557558 891
915 2558450 3531
916 2561982 1438
917 2563421 1083
918 2564505 5707
919 2570213 1228
920 2571442 933
921 2572376 10796
922 2583173 1373
923 2584547 17545
924 2602093 9483
925 2611577 2861
926 2614439 3988
927 2618428 1370
928 2619799 4586
929 2624386 5973
930 2630360 1074
931 2631435 894
932 2632330 2314
933 2634645 8176
934 2642822 3265
935 2646088 1864
936 2647953 546
937 2648500 1565
938 2650066 2284
939 2652351 3825
940 2656177 5951
941 2662129 1347
942 2663477 3185
943 2666663 1257
944 2667921 1331
945 2669253 1117
946 2670371 5537
947 2675909 953
948 2676863 4386
949 2681250 365
950 2681616 8890
951 2690507 3607
952 2694115 1615
953 2695731 1355
954 2697087 6343
955 2703431 4039
956 2707471 1261
957 2708733 2938
958 2711672 2673
959 2714346 1792
960 2716139 4094
961 2720234 12838
962 2733073 1491
963 2734565 4000
964 2738566 3596
965 2742163 1381
966 2743545 1104
967 2744650 3975
968 2748626 6885
969 2755512 1598
970 2757111 1530
971 2758642 1468
972 2760111 2432
973 2762544 2165
974 2764710 1763
975 2766474 1780
976 2768255 1171
977 2769427 1652
978 2771080 820
979 2771901 7034
980 2778936 8075
981 2787012 1493
982 2788506 1099
983 2789606 4683
984 2794290 2438
985 2796729 1181
986 2797911 6449
987 2804361 1784
988 2806146 7494
989 2813641 2177
990 2815819 6403
991 2822223 3995
992 2826219 1407
993 2827627 8347
994 2835975 6844
995 2842820 9461
996 2852282 3632
997 2855915 2239
998 2858155 3405
999 2861561 4719
1000 2866281 1692
1001 2867974 3767
1002 2871742 1659
1003 2873402 2711
1004 2876114 2697
1005 2878812 538
1006 2879351 4155
1007 2883507 6068
1008 2889576 1758
1009 2891335 3575
1010 2894911 2469
1011 2897381 6014
1012 2903396 5762
1013 2909159 7743
1014 2916903 4933
1015 2921837 930
1016 2922768 1292
1017 2924061 2052
1018 2926114 4069
1019 2930184 3509
1020 2933694 615
1021 2934310 4054
1022 2938365 2906
1023 2941272 2861
1024 2944134 3500
1025 2947635 5596
1026 2953232 4632
1027 2957865 5079
1028 2962945 2724
1029 2965670 9112
1030 2974783 9349
1031 2984133 5544
1032 2989678 7344
1033 2997023 2590
1034 2999614 8328
1035 3007943 1329
1036 3009273 1901
1037 3011175 3097
1038 3014273 4521
1039 3018795 2039
1040 3020835 1225
1041 3022061 1240
1042 3023302 5274
1043 3028577 2802
1044 3031380 4031
1045 3035412 1160
1046 3036573 2041
1047 3038615 1359
1048 3039975 2911
1049 3042887 1607
1050 3044495 766
1051 3045262 560
1052 3045823 889
1053 3046713 699
1054 3047413 561
1055 3047975 595
1056 3048571 1366
1057 3049938 3535
1058 3053474 3742
1059 3057217 538
1060 3057756 2101
1061 3059858 1356
1062 3061215 3375
1063 3064591 6240
1064 3070832 3270
1065 3074103 5325
1066 3079429 3031
1067 3082461 3798
1068 3086260 3275
1069 3089536 3064
1070 3092601 1960
1071 3094562 3223
1072 3097786 1958
1073 3099745 10026
1074 3109772 2076
1075 3111849 3839
1076 3115689 3449
1077 3119139 4223
1078 3123363 1542
1079 3124906 1481
1080 3126388 2374
1081 3128763 1973
1082 3130737 3113
1083 3133851 2778
1084 3136630 1939
1085 3138570 2406
1086 3140977 491
1087 3141469 3165
1088 3144635 2127
1089 3146763 10133
1090 3156897 1144
1091 3158042 1360
1092 3159403 5165
1093 3164569 2547
1094 3167117 6630
1095 3173748 7788
1096 3181537 1436
1097 3182974 1780
1098 3184755 2254
1099 3187010 3425
1100 3190436 1855
1101 3192292 2114
1102 3194407 6022
1103 3200430 2094
1104 3202525 1478
1105 3204004 1130
1106 3205135 3187
1107 3208323 6330
1108 3214654 1955
1109 3216610 2410
1110 3219021 2627
1111 3221649 2614
1112 3224264 3613
1113 3227878 1389
1114 3229268 8456
1115 3237725 3891
1116 3241617 10337
1117 3251955 4105
1118 3256061 7189
1119 3263251 3383
1120 3266635 6517
1121 3273153 4396
1122 3277550 4684
1123 3282235 3017
1124 3285253 1344
1125 3286598 3080
1126 3289679 1965
1127 3291645 1688
1128 3293334 1736
1129 3295071 3367
1130 3298439 2081
1131 3300521 2144
1132 3302666 1006
1133 3303673 1908
1134 3305582 3958
1135 3309541 2220
1136 3311762 5379
1137 3317142 1762
1138 3318905 1905
1139 3320811 2560
1140 3323372 2204
1141 3325577 2393
1142 3327971 2174
1143 3330146 1803
1144 3331950 2399
1145 3334350 4977
1146 3339328 13698
1147 3353027 998
1148 3354026 14412
1149 3368439 1875
1150 3370315 1597
1151 3371913 1083
1152 3372997 1465
1153 3374463 1779
1154 3376243 6064
1155 3382308 2998
1156 3385307 3073
1157 3388381 2402
1158 3390784 1978
1159 3392763 2854
1160 3395618 5401
1161 3401020 15281
1162 3416302 7213
1163 3423516 3355
1164 3426872 3248
1165 3430121 2562
1166 3432684 2948
1167 3435633 1362
1168 3436996 2312
1169 3439309 5249
1170 3444559 1618
1171 3446178 1312
1172 3447491 2004
1173 3449496 2080
1174 3451577 2583
1175 3454161 2044
1176 3456206 1506
1177 3457713 1503
1178 3459217 1414
1179 3460632 2492
1180 3463125 5589
1181 3468715 2571
1182 3471287 8512
1183 3479800 7330
1184 3487131 2435
1185 3489567 1485
1186 3491053 1664
1187 3492718 2695
1188 3495414 2597
1189 3498012 2272
1190 3500285 3084
1191 3503370 2091
1192 3505462 3007
1193 3508470 6882
1194 3515353 6367
1195 3521721 6830
1196 3528552 6701
1197 3535254 3962
1198 3539217 8035
1199 3547253 7708
1200 3554962 3140
1201 3558103 1821
1202 3559925 2999
1203 3562925 1625
1204 3564551 3046
1205 3567598 3458
1206 3571057 1876
1207 3572934 1549
1208 3574484 4774
1209 3579259 1761
1210 3581021 1544
1211 3582566 2484
1212 3585051 3638
1213 3588690 2086
1214 3590777 1482
1215 3592260 2826
1216 3595087 7780
1217 3602868 3347
1218 3606216 3620
1219 3609837 8881
1220 3618719 3750
1221 3622470 2829
1222 3625300 2214
1223 3627515 3569
1224 3631085 3508
1225 3634594 2092
1226 3636687 1606
1227 3638294 1817
1228 3640112 6354
1229 3646467 3211
1230 3649679 2256
1231 3651936 1879
1232 3653816 3431
1233 3657248 5513
1234 3662762 2022
1235 3664785 4142
1236 3668928 2733
1237 3671662 3755
1238 3675418 1770
1239 3677189 1556
1240 3678746 1549
1241 3680296 1641
1242 3681938 3635
1243 3685574 2743
1244 3688318 3977
1245 3692296 2392
1246 3694689 2411
1247 3697101 2592
1248 3699694 2393
1249 3702088 2501
1250 3704590 21967
1251 3726558 3218
1252 3729777 3607
1253 3733385 6314
1254 3739700 3106
1255 3742807 3316
1256 3746124 3427
1257 3749552 5209
1258 3754762 1627
1259 3756390 2608
1260 3758999 3430
1261 3762430 2469
1262 3764900 1101
1263 3766002 2378
1264 3768381 5090
1265 3773472 4224
1266 3777697 3031
1267 3780729 3786
1268 3784516 2656
1269 3787173 5424
1270 3792598 2545
1271 3795144 3781
1272 3798926 1119
1273 3800046 5282
1274 3805329 1464
1275 3806794 1238
1276 3808033 2063
1277 3810097 7420
1278 3817518 3341
1279 3820860 2555
1280 3823416 3687
1281 3827104 2026
1282 3829131 3238
1283 3832370 2880
1284 3835251 7547
1285 3842799 443
1286 3843243 545
1287 3843789 11185
1288 3854975 4495
1289 3859471 3710
1290 3863182 8990
1291 3872173 3427
1292 3875601 2072
1293 3877674 2021
1294 3879696 7131
1295 3886828 6441
1296 3893270 3706
1297 3896977 2266
1298 3899244 14883
1299 3914128 6420
1300 3920549 1350
1301 3921900 1998
1302 3923899 2958
1303 3926858 2606
1304 3929465 2154
1305 3931620 1611
1306 3933232 772
1307 3934005 1410
1308 3935416 762
1309 3936179 412
1310 3936592 4003
1311 3940596 3070
1312 3943667 4173
1313 3947841 7568
1314 3955410 5428
1315 3960839 1383
1316 3962223 1193
1317 3963417 955
1318 3964373 1884
1319 3966258 2441
1320 3968700 5494
1321 3974195 8074
1322 3982270 2476
1323 3984747 941
1324 3985689 870
1325 3986560 1658
1326 3988219 2262
1327 3990482 7284
1328 3997767 1658
1329 3999426 4771
1330 4004198 2477
1331 4006676 3647
1332 4010324 2700
1333 4013025 6936
1334 4019962 2327
1335 4022290 3030
1336 4025321 4602
1337 4029924 2548
1338 4032473 2902
1339 4035376 1933
1340 4037310 1299
1341 4038610 4745
1342 4043356 1660
1343 4045017 1031
1344 4046049 1623
1345 4047673 1826
1346 4049500 4621
1347 4054122 1698
1348 4055821 2713
1349 4058535 9316
1350 4067852 1904
1351 4069757 2651
1352 4072409 9061
1353 4081471 3562
1354 4085034 6150
1355 4091185 3393
1356 4094579 2978
1357 4097558 7864
1358 4105423 1760
1359 4107184 2227
1360 4109412 1672
1361 4111085 988
1362 4112074 2412
1363 4114487 1699
1364 4116187 1799
1365 4117987 14992
1366 4132980 7369
1367 4140350 3158
1368 4143509 1705
1369 4145215 1436
1370 4146652 7679
1371 4154332 2015
1372 4156348 2140
1373 4158489 1809
1374 4160299 1705
1375 4162005 2103
1376 4164109 1185
1377 4165295 8042
1378 4173338 11502
1379 4184841 2056
1380 4186898 3606
1381 4190505 5164
1382 4195670 5335
1383 4201006 5144
1384 4206151 6304
1385 4212456 1045
1386 4213502 7154
1387 4220657 2950
1388 4223608 9484
1389 4233093 4220
1390 4237314 6407
1391 4243722 2896
1392 4246619 1609
1393 4248229 2921
1394 4251151 3403
1395 4254555 1783
1396 4256339 5523
1397 4261863 9011
1398 4270875 2304
1399 4273180 8388
1400 4281569 6787
1401 4288357 6441
1402 4294799 3694
1403 4298494 3388
1404 4301883 2894
1405 4304778 3422
1406 4308201 487
1407 4308689 2178
1408 4310868 3922
1409 4314791 3617
1410 4318409 2921
1411 4321331 3577
1412 4324909 2705
1413 4327615 6546
1414 4334162 9374
1415 4343537 8386
1416 4351924 10468
1417 4362393 9660
1418 4372054 10222
1419 4382277 7921
1420 4390199 5444
1421 4395644 6211
1422 4401856 7462
1423 4409319 3539
1424 4412859 3984
1425 4416844 2381
1426 4419226 1569
1427 4420796 1663
1428 4422460 3151
1429 4425612 3518
1430 4429131 7568
1431 4436700 4596
1432 4441297 3486
1433 4444784 11557
1434 4456342 5124
1435 4461467 4792
1436 4466260 1086
1437 4467347 4141
1438 4471489 3656
1439 4475146 3440
1440 4478587 4309
1441 4482897 4910
1442 4487808 4563
1443 4492372 7987
1444 4500360 2255
1445 4502616 5521
1446 4508138 4384
1447 4512523 6497
1448 4519021 4769
1449 4523791 2158
1450 4525950 2149
1451 4528100 1505
1452 4529606 3322
1453 4532929 4591
1454 4537521 4144
1455 4541666 6219
1456 4547886 8544
1457 4556431 1867
1458 4558299 5752
1459 4564052 7247
1460 4571300 1292
1461 4572593 3417
1462 4576011 4100
1463 4580112 1641
1464 4581754 7208
1465 4588963 2765
1466 4591729 10089
1467 4601819 4294
1468 4606114 5782
1469 4611897 829
1470 4612727 3750
1471 4616478 1989
1472 4618468 6666
1473 4625135 8194
1474 4633330 3678
1475 4637009 4999
1476 4642009 3494
1477 4645504 1868
1478 4647373 1004
1479 4648378 1412
1480 4649791 1188
1481 4650980 2113
1482 4653094 1309
1483 4654404 1752
1484 4656157 1811
1485 4657969 2156
1486 4660126 1815
1487 4661942 7651
1488 4669594 18187
1489 4687782 3878
1490 4691661 4416
1491 4696078 3359
1492 4699438 3569
1493 4703008 10399
1494 4713408 4076
1495 4717485 1239
1496 4718725 912
1497 4719638 1513
1498 4721152 987
1499 4722140 1979
1500 4724120 4470
1501 4728591 1652
1502 4730244 6099
1503 4736344 7662
1504 4744007 1969
1505 4745977 3996
1506 4749974 2680
1507 4752655 4768
1508 4757424 8798
1509 4766223 4963
1510 4771187 7973
1511 4779161 4797
1512 4783959 10007
1513 4793967 2157
1514 4796125 1620
1515 4797746 2097
1516 4799844 1870
1517 4801715 2426
1518 4804142 2847
1519 4806990 2585
1520 4809576 13147
1521 4822724 2500
1522 4825225 2227
1523 4827453 2464
1524 4829918 3085
1525 4833004 10135
1526 4843140 9610
1527 4852751 4707
1528 4857459 6993
1529 4864453 3662
1530 4868116 3427
1531 4871544 2858
1532 4874403 5869
1533 4880273 3091
1534 4883365 5789
1535 4889155 4779
1536 4893935 13626
1537 4907562 3837
1538 4911400 2970
1539 4914371 1554
1540 4915926 8091
1541 4924018 5694
1542 4929713 12447
1543 4942161 3811
1544 4945973 2180
1545 4948154 5470
1546 4953625 5814
1547 4959440 7904
1548 4967345 10126
1549 4977472 3604
1550 4981077 3380
1551 4984458 2173
1552 4986632 3775
1553 4990408 1997
1554 4992406 1479
1555 4993886 7369
1556 5001256 1041
1557 5002298 964
1558 5003263 1645
1559 5004909 3254
1560 5008164 1846
1561 5010011 4042
1562 5014054 2164
1563 5016219 4015
1564 5020235 1413
1565 5021649 4912
1566 5026562 2616
1567 5029179 1757
1568 5030937 1988
1569 5032926 1498
1570 5034425 1595
1571 5036021 3066
1572 5039088 1081
1573 5040170 607
1574 5040778 1409
1575 5042188 1659
1576 5043848 1594
1577 5045443 8842
1578 5054286 7747
1579 5062034 4119
1580 5066154 2954
1581 5069109 637
1582 5069747 7719
1583 5077467 4053
1584 5081521 12374
1585 5093896 4896
1586 5098793 2557
1587 5101351 3933
1588 5105285 6256
1589 5111542 2654
1590 5114197 335
1591 5114533 2360
1592 5116894 3868
1593 5120763 2806
1594 5123570 13495
1595 5137066 7876
1596 5144943 1943
1597 5146887 2814
1598 5149702 1965
1599 5151668 1883
1600 5153552 3453
1601 5157006 2244
1602 5159251 3061
1603 5162313 2025
1604 5164339 1863
1605 5166203 2225
1606 5168429 2919
1607 5171349 2844
1608 5174194 1964
1609 5176159 2610
1610 5178770 3335
1611 5182106 2202
1612 5184309 1945
1613 5186255 1808
1614 5188064 2120
1615 5190185 4489
1616 5194675 3914
1617 5198590 3794
1618 5202385 3007
1619 5205393 2486
1620 5207880 2601
1621 5210482 2366
1622 5212849 2407
1623 5215257 350
1624 5215608 5857
1625 5221466 9894
1626 5231361 2807
1627 5234169 960
1628 5235130 4458
1629 5239589 7158
1630 5246748 335
1631 5247084 3200
1632 5250285 2682
1633 5252968 2413
1634 5255382 2632
1635 5258015 3577
1636 5261593 4362
1637 5265956 2616
1638 5268573 4990
1639 5273564 2752
1640 5276317 8224
1641 5284542 2769
1642 5287312 6258
1643 5293571 2469
1644 5296041 1253
1645 5297295 17718
1646 5315014 9813
1647 5324828 2972
1648 5327801 3258
1649 5331060 5881
1650 5336942 3481
1651 5340424 1959
1652 5342384 3079
1653 5345464 4494
1654 5349959 4346
1655 5354306 3713
1656 5358020 3004
1657 5361025 24380
1658 5385406 11221
1659 5396628 16199
1660 5412828 30518
1661 5443347 3790
1662 5447138 2830
1663 5449969 2717
1664 5452687 1269
1665 5453957 1123
1666 5455081 880
1667 5455962 1000
1668 5456963 1015
1669 5457979 2377
1670 5460357 1759
1671 5462117 1168
1672 5463286 922
1673 5464209 1153
1674 5465363 1375
1675 5466739 1018
1676 5467758 1967
1677 5469726 2637
1678 5472364 1291
1679 5473656 2758
1680 5476415 2834
1681 5479250 3014
1682 5482265 1079
1683 5483345 3626
1684 5486972 2552
1685 5489525 4323
1686 5493849 3353
1687 5497203 5908
1688 5503112 3328
1689 5506441 941
1690 5507383 2346
1691 5509730 4623
1692 5514354 823
1693 5515178 5833
1694 5521012 1250
1695 5522263 6044
1696 5528308 895
1697 5529204 1636
1698 5530841 893
1699 5531735 3300
1700 5535036 6401
1701 5541438 849
1702 5542288 3435
1703 5545724 4060
1704 5549785 1269
1705 5551055 1103
1706 5552159 1822
1707 5553982 1555
1708 5555538 2515
1709 5558054 2514
1710 5560569 1768
1711 5562338 1399
1712 5563738 2924
1713 5566663 2455
1714 5569119 1588
1715 5570708 1881
1716 5572590 1101
1717 5573692 973
1718 5574666 3376
1719 5578043 1978
1720 5580022 1949
1721 5581972 2242
1722 5584215 1974
1723 5586190 3120
1724 5589311 1808
1725 5591120 3200
1726 5594321 542
1727 5594864 1125
1728 5595990 830
1729 5596821 2580
1730 5599402 1078
1731 5600481 2282
1732 5602764 1878
1733 5604643 1444
1734 5606088 745
1735 5606834 1695
1736 5608530 2548
1737 5611079 1584
1738 5612664 2301
1739 5614966 2399
1740 5617366 2264
1741 5619631 1088
1742 5620720 2526
1743 5623247 1441
1744 5624689 4171
1745 5628861 2122
1746 5630984 1813
1747 5632798 4223
1748 5637022 561
1749 5637584 852
1750 5638437 2579
1751 5641017 4223
1752 5645241 3565
1753 5648807 928
1754 5649736 3528
1755 5653265 1241
1756 5654507 2408
1757 5656916 2658
1758 5659575 3773
1759 5663349 2445
1760 5665795 2070
1761 5667866 2538
1762 5670405 3460
1763 5673866 2488
1764 5676355 2540
1765 5678896 20126
1766 5699023 8432
1767 5707456 4405
1768 5711862 4510
1769 5716373 4179
1770 5720553 1569
1771 5722123 4521
1772 5726645 1399
1773 5728045 1217
1774 5729263 1515
1775 5730779 7462
1776 5738242 2215
1777 5740458 18061
1778 5758520 8912
1779 5767433 5711
1780 5773145 4060
1781 5777206 3582
1782 5780789 2081
1783 5782871 16408
1784 5799280 4495
1785 5803776 1185
1786 5804962 1957
1787 5806920 1386
1788 5808307 8210
1789 5816518 5207
1790 5821726 6880
1791 5828607 1863
1792 5830471 8147
1793 5838619 7548
1794 5846168 8487
1795 5854656 4976
1796 5859633 6707
1797 5866341 15126
1798 5881468 7577
1799 5889046 5117
1800 5894164 1406
1801 5895571 1607
1802 5897179 2189
1803 5899369 1383
1804 5900753 854
1805 5901608 6370
1806 5907979 2163
1807 5910143 8238
1808 5918382 4249
1809 5922632 1904
1810 5924537 5273
1811 5929811 5506
1812 5935318 9152
1813 5944471 4728
1814 5949200 9561
1815 5958762 3808
1816 5962571 1110
1817 5963682 1462
1818 5965145 1394
1819 5966540 9089
1820 5975630 331
1821 5975962 1758
1822 5977721 804
1823 5978526 1475
1824 5980002 12503
1825 5992506 8069
1826 6000576 4114
1827 6004691 5037
1828 6009729 4442
1829 6014172 8889
1830 6023062 2254
1831 6025317 5400
1832 6030718 2962
1833 6033681 3140
1834 6036822 1709
1835 6038532 8107
1836 6046640 3725
1837 6050366 14207
1838 6064574 3319
1839 6067894 3913
1840 6071808 4348
1841 6076157 11628
1842 6087786 966
1843 6088753 7964
1844 6096718 6236
1845 6102955 819
1846 6103775 5666
1847 6109442 15728
1848 6125171 950
1849 6126122 6051
1850 6132174 712
1851 6132887 5250
1852 6138138 7815
1853 6145954 1473
1854 6147428 4379
1855 6151808 739
1856 6152548 8882
1857 6161431 1390
1858 6162822 5014
1859 6167837 6557
1860 6174395 4721
1861 6179117 4238
1862 6183356 3613
1863 6186970 3058
1864 6190029 8645
1865 6198675 4051
1866 6202727 7541
1867 6210269 38397
1868 6248667 5431
1869 6254099 17853
1870 6271953 5302
1871 6277256 2790
1872 6280047 10543
1873 6290591 3802
1874 6294394 4735
1875 6299130 5422
1876 6304553 4843
1877 6309397 5260
1878 6314658 6746
1879 6321405 6499
1880 6327905 4695
1881 6332601 4167
1882 6336769 8960
1883 6345730 8406
1884 6354137 5482
1885 6359620 4293
1886 6363914 7437
1887 6371352 7910
1888 6379263 5667
1889 6384931 5368
1890 6390300 4482
1891 6394783 4973
1892 6399757 4325
1893 6404083 4375
1894 6408459 5351
1895 6413811 1276
1896 6415088 4022
1897 6419111 19819
1898 6438931 3723
1899 6442655 6350
1900 6449006 4682
1901 6453689 2826
1902 6456516 3491
1903 6460008 3920
1904 6463929 3478
1905 6467408 4285
1906 6471694 11913
1907 6483608 4249
1908 6487858 8215
1909 6496074 7846
1910 6503921 7992
1911 6511914 7311
1912 6519226 1652
1913 6520879 5267
1914 6526147 16408
1915 6542556 4621
1916 6547178 9423
1917 6556602 5323
1918 6561926 4208
1919 6566135 4799
1920 6570935 4044
1921 6574980 10498
1922 6585479 5564
1923 6591044 4121
1924 6595166 3149
1925 6598316 3756
1926 6602073 3323
1927 6605397 3428
1928 6608826 18410
1929 6627237 4808
1930 6632046 5381
1931 6637428 3411
1932 6640840 11482
1933 6652323 7892
1934 6660216 19528
1935 6679745 5468
1936 6685214 1249
1937 6686464 2151
1938 6688616 2869
1939 6691486 3679
1940 6695166 19339
1941 6714506 19748
1942 6734255 4365
1943 6738621 4317
1944 6742939 3541
1945 6746481 12556
1946 6759038 6788
1947 6765827 25687
1948 6791515 11223
1949 6802739 7110
1950 6809850 1570
1951 6811421 5963
1952 6817385 6367
1953 6823753 23554
1954 6847308 1585
1955 6848894 2829
1956 6851724 1968
1957 6853693 1579
1958 6855273 2575
1959 6857849 2023
1960 6859873 3755
1961 6863629 960
1962 6864590 1228
1963 6865819 1938
1964 6867758 1453
1965 6869212 3817
1966 6873030 5707
1967 6878738 2250
1968 6880989 2911
1969 6883901 1519
1970 6885421 5762
1971 6891184 2673
1972 6893858 1303
1973 6895162 1284
1974 6896447 1355
1975 6897803 7869
1976 6905673 1728
1977 6907402 2836
1978 6910239 1257
1979 6911497 1441
1980 6912939 5119
1981 6918059 3052
1982 6921112 1316
1983 6922429 2794
1984 6925224 1460
1985 6926685 946
1986 6927632 2772
1987 6930405 1515
1988 6931921 927
1989 6932849 2964
1990 6935814 1230
1991 6937045 8718
1992 6945764 2622
1993 6948387 1644
1994 6950032 2240
1995 6952273 2005
1996 6954279 6234
1997 6960514 2091
1998 6962606 1587
1999 6964194 3152
2000 6967347 4054
2001 6971402 2696
2002 6974099 2894
2003 6976994 1057
2004 6978052 1439
2005 6979492 5496
2006 6984989 1667
2007 6986657 3607
2008 6990265 2075
2009 6992341 5777
2010 6998119 6741
2011 7004861 1207
2012 7006069 1500
2013 7007570 379
2014 7007950 2204
2015 7010155 2940
2016 7013096 1237
2017 7014334 1975
2018 7016310 926
2019 7017237 1877
2020 7019115 2981
2021 7022097 6866
2022 7028964 2674
2023 7031639 1581
2024 7033221 1784
2025 7035006 1713
2026 7036720 980
2027 7037701 8895
2028 7046597 5570
2029 7052168 5630
2030 7057799 5453
2031 7063253 6668
2032 7069922 2086
2033 7072009 19346
2034 7091356 7655
2035 7099012 1833
2036 7100846 1251
2037 7102098 3008
2038 7105107 1867
2039 7106975 2705
2040 7109681 4182
2041 7113864 1432
2042 7115297 608
2043 7115906 6539
2044 7122446 2422
2045 7124869 1843
2046 7126713 3356
2047 7130070 1902
2048 7131973 13577
2049 7145551 558
2050 7146110 1571
2051 7147682 3050
2052 7150733 2387
2053 7153121 2851
2054 7155973 18304
2055 7174278 760
2056 7175039 3243
2057 7178283 765
2058 7179049 6357
2059 7185407 5747
2060 7191155 10667
2061 7201823 4298
2062 7206122 6393
2063 7212516 3046
2064 7215563 6106
2065 7221670 6086
2066 7227757 1703
2067 7229461 6490
2068 7235952 3297
2069 7239250 6688
2070 7245939 8988
2071 7254928 1399
2072 7256328 2927
2073 7259256 1779
2074 7261036 3349
2075 7264386 5996
2076 7270383 6789
2077 7277173 6322
2078 7283496 6447
2079 7289944 9629
2080 7299574 9724
2081 7309299 1203
2082 7310503 735
2083 7311239 1169
2084 7312409 3819
2085 7316229 690
2086 7316920 5523
2087 7322444 1406
2088 7323851 2801
2089 7326653 2335
2090 7328989 5550
2091 7334540 12240
2092 7346781 2585
2093 7349367 26108
2094 7375476 3733
2095 7379210 4057
2096 7383268 12453
2097 7395722 4402
2098 7400125 3883
2099 7404009 14674
2100 7418684 12296
2101 7430981 3698
2102 7434680 1615
2103 7436296 9093
2104 7445390 1810
2105 7447201 700
2106 7447902 3254
2107 7451157 2855
2108 7454013 5842
2109 7459856 9578
2110 7469435 4046
2111 7473482 1157
2112 7474640 1760
2113 7476401 5523
2114 7481925 4620
2115 7486546 4544
2116 7491091 4417
2117 7495509 1858
2118 7497368 4363
2119 7501732 3680
2120 7505413 6187
2121 7511601 4214
2122 7515816 1120
2123 7516937 751
2124 7517689 8867
2125 7526557 3976
2126 7530534 7030
2127 7537565 1535
2128 7539101 2482
2129 7541584 1102
2130 7542687 1032
2131 7543720 1022
2132 7544743 5323
2133 7550067 10905
2134 7560973 760
2135 7561734 681
2136 7562416 4025
2137 7566442 10031
2138 7576474 1312
2139 7577787 3133
2140 7580921 855
2141 7581777 636
2142 7582414 995
2143 7583410 735
2144 7584146 1742
2145 7585889 12322
2146 7598212 4350
2147 7602563 11215
2148 7613779 3634
2149 7617414 2711
2150 7620126 751
2151 7620878 5945
2152 7626824 3328
2153 7630153 8924
2154 7639078 4009
2155 7643088 2034
2156 7645123 3416
2157 7648540 7551
2158 7656092 2640
2159 7658733 2734
2160 7661468 9593
2161 7671062 19104
2162 7690167 3122
2163 7693290 2765
2164 7696056 5360
2165 7701417 2269
2166 7703687 4269
2167 7707957 6566
2168 7714524 984
2169 7715509 4893
2170 7720403 8262
2171 7728666 5350
2172 7734017 6643
2173 7740661 948
2174 7741610 3792
2175 7745403 2960
2176 7748364 3595
2177 7751960 2563
2178 7754524 3678
2179 7758203 4692
2180 7762896 9577
2181 7772474 9581
2182 7782056 11505
2183 7793562 2176
2184 7795739 4799
2185 7800539 2888
2186 7803428 1669
2187 7805098 5785
2188 7810884 2052
2189 7812937 1946
2190 7814884 8355
2191 7823240 8769
2192 7832010 2775
2193 7834786 4479
2194 7839266 3155
2195 7842422 1968
2196 7844391 10604
2197 7854996 6286
2198 7861283 4882
2199 7866166 5302
2200 7871469 1345
2201 7872815 1881
2202 7874697 3608
2203 7878306 3710
2204 7882017 2551
2205 7884569 7657
2206 7892227 6982
2207 7899210 6461
2208 7905672 8758
2209 7914431 3168
2210 7917600 2833
2211 7920434 1873
2212 7922308 7042
2213 7929351 3442
2214 7932794 2673
2215 7935468 1193
2216 7936662 11577
2217 7948240 10815
2218 7959056 9826
2219 7968883 6893
2220 7975777 8843
2221 7984621 2303
2222 7986925 538
2223 7987464 2785
2224 7990250 641
2225 7990892 6373
2226 7997266 4296
2227 8001563 2332
2228 8003896 9139
2229 8013036 6505
2230 8019542 1588
2231 8021131 7398
2232 8028530 2757
2233 8031288 7671
2234 8038960 4483
2235 8043444 2947
2236 8046392 6300
2237 8052693 9238
2238 8061932 2989
2239 8064922 4387
2240 8069310 3895
2241 8073206 1744
2242 8074951 6512
2243 8081464 5460
2244 8086925 5226
2245 8092152 8009
2246 8100162 1870
2247 8102033 2846
2248 8104880 2016
2249 8106897 3139
2250 8110037 6306
2251 8116344 1010
2252 8117355 6667
2253 8124023 964
2254 8124988 1174
2255 8126163 820
2256 8126984 6319
2257 8133304 2853
2258 8136158 5072
2259 8141231 9096
2260 8150328 7381
2261 8157710 1858
2262 8159569 5517
2263 8165087 3632
2264 8168720 1542
2265 8170263 666
2266 8170930 3311
2267 8174242 9082
2268 8183325 2901
2269 8186227 2240
2270 8188468 5703
2271 8194172 1327
2272 8195500 4419
2273 8199920 715
2274 8200636 2580
2275 8203217 1569
2276 8204787 1160
2277 8205948 2537
2278 8208486 4388
2279 8212875 2934
2280 8215810 5419
2281 8221230 5854
2282 8227085 4467
2283 8231553 2780
2284 8234334 2100
2285 8236435 1096
2286 8237532 840
2287 8238373 2663
2288 8241037 5761
2289 8246799 980
2290 8247780 1840
2291 8249621 1767
2292 8251389 7502
2293 8258892 1239
2294 8260132 2240
2295 8262373 2452
2296 8264826 1416
2297 8266243 597
2298 8266841 5019
2299 8271861 6108
2300 8277970 11614
2301 8289585 1250
2302 8290836 2369
2303 8293206 1056
2304 8294263 1291
2305 8295555 2209
2306 8297765 2823
2307 8300589 5194
2308 8305784 2456
2309 8308241 3042
2310 8311284 20038
2311 8331323 2875
2312 8334199 1645
2313 8335845 2272
2314 8338118 1782
2315 8339901 1483
2316 8341385 7344
2317 8348730 4600
2318 8353331 12577
2319 8365909 2427
2320 8368337 1855
2321 8370193 1472
2322 8371666 3135
2323 8374802 1402
2324 8376205 3882
2325 8380088 1130
2326 8381219 1157
2327 8382377 1363
2328 8383741 2415
2329 8386157 1986
2330 8388144 2387
2331 8390532 3450
2332 8393983 1003
2333 8394987 7284
2334 8402272 5206
2335 8407479 6548
2336 8414028 4439
2337 8418468 3714
2338 8422183 2767
2339 8424951 30580
2340 8455532 3964
2341 8459497 5213
2342 8464711 2877
2343 8467589 1981
2344 8469571 4725
2345 8474297 1251
2346 8475549 2579
2347 8478129 1056
2348 8479186 1112
2349 8480299 2174
2350 8482474 1957
2351 8484432 6201
2352 8490634 649
2353 8491284 3100
2354 8494385 1246
2355 8495632 2314
2356 8497947 3499
2357 8501447 4113
2358 8505561 4331
2359 8509893 6279
2360 8516173 3770
2361 8519944 737
2362 8520682 4293
2363 8524976 4097
2364 8529074 566
2365 8529641 1020
2366 8530662 1611
2367 8532274 3677
2368 8535952 3604
2369 8539557 4812
2370 8544370 2716
2371 8547087 2099
2372 8549187 3151
2373 8552339 829
2374 8553169 3167
2375 8556337 2402
2376 8558740 2701
2377 8561442 3433
2378 8564876 2572
2379 8567449 4010
2380 8571460 2063
2381 8573524 1880
2382 8575405 4441
2383 8579847 1449
2384 8581297 4416
2385 8585714 3899
2386 8589614 5682
2387 8595297 6666
2388 8601964 4524
2389 8606489 1814
2390 8608304 6435
2391 8614740 2557
2392 8617298 3464
2393 8620763 2725
2394 8623489 10457
2395 8633947 790
2396 8634738 9076
2397 8643815 2229
2398 8646045 2541
2399 8648587 2417
2400 8651005 1366
2401 8652372 2966
2402 8655339 10124
2403 8665464 1303
2404 8666768 3980
2405 8670749 1139
2406 8671889 481
2407 8672371 10751
2408 8683123 1858
2409 8684982 3373
2410 8688356 3348
2411 8691705 3575
2412 8695281 9680
2413 8704962 2210
2414 8707173 1135
2415 8708309 802
2416 8709112 1072
2417 8710185 1855
2418 8712041 8505
2419 8720547 3463
2420 8724011 6334
2421 8730346 4811
2422 8735158 5608
2423 8740767 1731
2424 8742499 5370
2425 8747870 1715
2426 8749586 1744
2427 8751331 6830
2428 8758162 2781
2429 8760944 1521
2430 8762466 2088
2431 8764555 2601
2432 8767157 2599
2433 8769757 3766
2434 8773524 1987
2435 8775512 3144
2436 8778657 2456
2437 8781114 7743
2438 8788858 2670
2439 8791529 2035
2440 8793565 6187
2441 8799753 4244
2442 8803998 4372
2443 8808371 3735
2444 8812107 6847
2445 8818955 3613
2446 8822569 3305
2447 8825875 4625
2448 8830501 5265
2449 8835767 4458
2450 8840226 3426
2451 8843653 4132
2452 8847786 1166
2453 8848953 7929
2454 8856883 4582
2455 8861466 4393
2456 8865860 4387
2457 8870248 4100
2458 8874349 5561
2459 8879911 7773
2460 8887685 2361
2461 8890047 2150
2462 8892198 2959
2463 8895158 2957
2464 8898116 4617
2465 8902734 5424
2466 8908159 3175
2467 8911335 4101
2468 8915437 5421
2469 8920859 4692
2470 8925552 5111
2471 8930664 2507
2472 8933172 2745
2473 8935918 2983
2474 8938902 8230
2475 8947133 1255
2476 8948389 797
2477 8949187 4159
2478 8953347 3345
2479 8956693 1567
2480 8958261 9913
2481 8968175 3050
2482 8971226 8719
2483 8979946 3962
2484 8983909 5231
2485 8989141 4922
2486 8994064 8562
2487 9002627 4792
2488 9007420 3932
2489 9011353 548
2490 9011902 4691
2491 9016594 4381
2492 9020976 3814
2493 9024791 5824
2494 9030616 7215
2495 9037832 6447
2496 9044280 2584
2497 9046865 3362
2498 9050228 988
2499 9051217 22837
2500 9074055 18512
2501 9092568 2601
2502 9095170 8434
2503 9103605 1669
2504 9105275 2412
2505 9107688 7111
2506 9114800 3342
2507 9118143 10953
2508 9129097 2895
2509 9131993 3518
2510 9135512 3237
2511 9138750 4831
2512 9143582 7245
2513 9150828 6896
2514 9157725 6181
2515 9163907 1087
2516 9164995 2804
2517 9167800 3457
2518 9171258 1074
2519 9172333 2459
2520 9174793 1577
2521 9176371 6291
2522 9182663 13552
2523 9196216 2119
2524 9198336 12882
2525 9211219 6446
2526 9217666 2895
2527 9220562 5037
2528 9225600 1977
2529 9227578 9025
2530 9236604 6559
2531 9243164 2495
2532 9245660 6360
2533 9252021 5125
2534 9257147 7826
2535 9264974 10974
2536 9275949 1850
2537 9277800 7252
2538 9285053 3686
2539 9288740 7903
2540 9296644 502
2541 9297147 3891
2542 9301039 778
2543 9301818 898
2544 9302717 5667
2545 9308385 1506
2546 9309892 2156
2547 9312049 2633
2548 9314683 3676
2549 9318360 3280
2550 9321641 2102
2551 9323744 4851
2552 9328596 10084
2553 9338681 613
2554 9339295 3169
2555 9342465 3469
2556 9345935 3776
2557 9349712 9820
2558 9359533 1652
2559 9361186 3133
2560 9364320 3678
2561 9367999 2005
2562 9370005 4401
2563 9374407 1388
2564 9375796 9437
2565 9385234 4576
2566 9389811 2595
2567 9392407 3583
2568 9395991 1781
2569 9397773 1505
2570 9399279 1517
2571 9400797 4717
2572 9405515 2909
2573 9408425 8530
2574 9416956 7765
2575 9424722 5305
2576 9430028 3056
2577 9433085 7152
2578 9440238 1219
2579 9441458 2817
2580 9444276 2600
2581 9446877 1967
2582 9448845 2330
2583 9451176 553
2584 9451730 5872
2585 9457603 544
2586 9458148 2087
2587 9460236 6612
2588 9466849 5874
2589 9472724 2532
2590 9475257 3088
2591 9478346 8927
2592 9487274 3623
2593 9490898 3051
2594 9493950 8920
2595 9502871 4025
2596 9506897 3390
2597 9510288 3628
2598 9513917 1490
2599 9515408 4484
2600 9519893 1046
2601 9520940 1796
2602 9522737 5591
2603 9528329 2110
2604 9530440 1815
2605 9532256 15780
2606 9548037 5901
2607 9553939 2275
2608 9556215 2639
2609 9558855 5397
2610 9564253 3934
2611 9568188 13686
2612 9581875 3836
2613 9585712 1872
2614 9587585 3630
2615 9591216 6553
2616 9597770 2980
2617 9600751 574
2618 9601326 4676
2619 9606003 4540
2620 9610544 2722
2621 9613267 4728
2622 9617996 2176
2623 9620173 762
2624 9620936 1497
2625 9622434 3277
2626 9625712 1228
2627 9626941 1798
2628 9628740 4545
2629 9633286 1105
2630 9634392 4209
2631 9638602 1843
2632 9640446 2158
2633 9642605 4946
2634 9647552 2615
2635 9650168 2617
2636 9652786 389
2637 9653176 1544
2638 9654721 1522
2639 9656244 2199
2640 9658444 1513
2641 9659958 1103
2642 9661062 2678
2643 9663741 1039
2644 9664781 356
2645 9665138 4582
2646 9669721 1303
2647 9671025 915
2648 9671941 3910
2649 9675852 1360
2650 9677213 3130
2651 9680344 2629
2652 9682974 563
2653 9683538 1309
2654 9684848 1260
2655 9686109 2516
2656 9688626 1217
2657 9689844 1357
2658 9691202 7443
2659 9698646 7033
2660 9705680 1684
2661 9707365 1618
2662 9708984 2053
2663 9711038 1362
2664 9712401 534
2665 9712936 1373
2666 9714310 2311
2667 9716622 4484
2668 9721107 1560
2669 9722668 11519
2670 9734188 2071
2671 9736260 842
2672 9737103 946
2673 9738050 1087
2674 9739138 1842
2675 9740981 738
2676 9741720 11541
2677 9753262 1801
2678 9755064 2967
2679 9758032 3734
2680 9761767 973
2681 9762741 2222
2682 9764964 1250
2683 9766215 4763
2684 9770979 338
2685 9771318 7039
2686 9778358 1062
2687 9779421 1800
2688 9781222 2581
2689 9783804 1507
2690 9785312 1270
2691 9786583 1676
2692 9788260 3019
2693 9791280 1343
2694 9792624 799
2695 9793424 6470
2696 9799895 2715
2697 9802611 470
2698 9803082 4251
2699 9807334 545
2700 9807880 1504
2701 9809385 2139
2702 9811525 2803
2703 9814329 3181
2704 9817511 1395
2705 9818907 1551
2706 9820459 1155
2707 9821615 1470
2708 9823086 2368
2709 9825455 616
2710 9826072 2637
2711 9828710 2735
2712 9831446 3586
2713 9835033 3486
2714 9838520 3801
2715 9842322 3078
2716 9845401 4312
2717 9849714 4008
2718 9853723 4163
2719 9857887 3560
2720 9861448 3672
2721 9865121 3823
2722 9868945 4014
2723 9872960 3488
2724 9876449 3792
2725 9880242 3501
2726 9883744 3107
2727 9886852 3147
2728 9890000 4074
2729 9894075 3276
2730 9897352 3408
2731 9900761 3470
2732 9904232 3532
2733 9907765 4696
2734 9912462 1533
2735 9913996 3436
2736 9917433 4169
2737 9921603 5088
2738 9926692 3299
2739 9929992 3653
2740 9933646 3743
2741 9937390 3499
2742 9940890 2748
2743 9943639 3251
2744 9946891 3663
2745 9950555 3208
2746 9953764 3559
2747 9957324 18926
2748 9976251 4513
2749 9980765 3792
2750 9984558 3626
2751 9988185 4338
2752 9992524 1255
2753 9993780 949
2754 9994730 2967
2755 9997698 4072
2756 10001771 3544
2757 10005316 3545
2758 10008862 2627
2759 10011490 1128
2760 10012619 4231
2761 10016851 19783
2762 10036635 4831
2763 10041467 3348
2764 10044816 4808
2765 10049625 3320
2766 10052946 3654
2767 10056601 1323
2768 10057925 5498
2769 10063424 1270
2770 10064695 1982
2771 10066678 2686
2772 10069365 2432
2773 10071798 1230
2774 10073029 1155
2775 10074185 6801
2776 10080987 3189
2777 10084177 2623
2778 10086801 5242
2779 10092044 1944
2780 10093989 2586
2781 10096576 4774
2782 10101351 4731
2783 10106083 4496
2784 10110580 3113
2785 10113694 7670
2786 10121365 5792
2787 10127158 3532
2788 10130691 3351
2789 10134043 2391
2790 10136435 3502
2791 10139938 2202
2792 10142141 2067
2793 10144209 9133
2794 10153343 5404
2795 10158748 7482
2796 10166231 5413
2797 10171645 4837
2798 10176483 8209
2799 10184693 11883
2800 10196577 6310
2801 10202888 1465
2802 10204354 1890
2803 10206245 995
2804 10207241 5337
2805 10212579 2985
2806 10215565 703
2807 10216269 4223
2808 10220493 848
2809 10221342 3181
2810 10224524 766
2811 10225291 953
2812 10226245 4261
2813 10230507 3703
2814 10234211 1308
2815 10235520 1840
2816 10237361 1181
2817 10238543 1669
2818 10240213 911
2819 10241125 2526
2820 10243652 4397
2821 10248050 4698
2822 10252749 1134
2823 10253884 2262
2824 10256147 984
2825 10257132 1992
2826 10259125 926
2827 10260052 1223
2828 10261276 1513
2829 10262790 591
2830 10263382 3990
2831 10267373 1474
2832 10268848 4832
2833 10273681 2501
2834 10276183 2096
2835 10278280 2518
2836 10280799 2263
2837 10283063 3505
2838 10286569 1696
2839 10288266 1154
2840 10289421 2629
2841 10292051 2052
2842 10294104 1915
2843 10296020 4305
2844 10300326 14501
2845 10314828 2134
2846 10316963 6558
2847 10323522 13682
2848 10337205 9058
2849 10346264 3724
2850 10349989 4625
2851 10354615 3658
2852 10358274 5662
2853 10363937 1717
2854 10365655 4005
2855 10369661 1916
2856 10371578 9742
2857 10381321 6456
2858 10387778 2471
2859 10390250 4519
2860 10394770 7531
2861 10402302 2110
2862 10404413 3697
2863 10408111 4313
2864 10412425 1116
2865 10413542 2238
2866 10415781 808
2867 10416590 1115
2868 10417706 2957
2869 10420664 4419
2870 10425084 9706
2871 10434791 2225
2872 10437017 3182
2873 10440200 2127
2874 10442328 2303
2875 10444632 26801
2876 10471434 1921
2877 10473356 1801
2878 10475158 5357
2879 10480516 5459
2880 10485976 2526
2881 10488503 3421
2882 10491925 4805
2883 10496731 3756
2884 10500488 3392
2885 10503881 15369
2886 10519251 4157
2887 10523409 3602
2888 10527012 10186
2889 10537199 1701
2890 10538901 1524
2891 10540426 5875
2892 10546302 10916
2893 10557219 5225
2894 10562445 3865
2895 10566311 2224
2896 10568536 697
2897 10569234 1561
2898 10570796 4654
2899 10575451 2764
2900 10578216 1978
2901 10580195 8765
2902 10588961 6261
2903 10595223 5203
2904 10600427 1993
2905 10602421 6493
2906 10608915 2995
2907 10611911 2961
2908 10614873 7497
2909 10622371 1723
2910 10624095 2048
2911 10626144 2611
2912 10628756 1726
2913 10630483 1633
2914 10632117 10844
2915 10642962 7601
2916 10650564 3394
2917 10653959 3068
2918 10657028 1926
2919 10658955 5593
2920 10664549 8177
2921 10672727 3226
2922 10675954 612
2923 10676567 3679
2924 10680247 5114
2925 10685362 6942
2926 10692305 954
2927 10693260 2396
2928 10695657 4365
2929 10700023 3585
2930 10703609 2926
2931 10706536 5659
2932 10712196 5123
2933 10717320 7334
2934 10724655 1151
2935 10725807 3960
2936 10729768 1380
2937 10731149 7353
2938 10738503 3318
2939 10741822 4407
2940 10746230 4887
2941 10751118 2372
2942 10753491 6065
2943 10759557 2310
2944 10761868 1740
2945 10763609 15265
2946 10778875 5430
2947 10784306 1407
2948 10785714 5677
2949 10791392 1422
2950 10792815 6597
2951 10799413 4620
2952 10804034 9740
2953 10813775 1759
2954 10815535 3498
2955 10819034 15727
2956 10834762 9628
2957 10844391 3942
2958 10848334 7881
2959 10856216 13801
2960 10870018 3819
2961 10873838 14124
2962 10887963 1611
2963 10889575 2828
2964 10892404 960
2965 10893365 1084
2966 10894450 15420
2967 10909871 6401
2968 10916273 13914
2969 10930188 753
2970 10930942 2786
2971 10933729 2068
2972 10935798 2611
2973 10938410 2793
2974 10941204 1786
2975 10942991 19858
2976 10962850 9058
2977 10971909 3588
2978 10975498 3570
2979 10979069 3411
2980 10982481 3352
2981 10985834 442
2982 10986277 2917
2983 10989195 4096
2984 10993292 2974
2985 10996267 941
2986 10997209 701
2987 10997911 3838
2988 11001750 28438
2989 11030189 4194
2990 11034384 7361
2991 11041746 9273
2992 11051020 30018
2993 11081039 19533
2994 11100573 966
2995 11101540 628
2996 11102169 2340
2997 11104510 1630
2998 11106141 4981
2999 11111123 3331
3000 11114455 4064
3001 11118520 2516
3002 11121037 4607
3003 11125645 1160
3004 11126806 2019
3005 11128826 686
3006 11129513 433
3007 11129947 9858
3008 11139806 2313
3009 11142120 872
3010 11142993 3528
3011 11146522 923
3012 11147446 2590
3013 11150037 3118
3014 11153156 348
3015 11153505 7186
3016 11160692 18882
3017 11179575 5689
3018 11185265 1318
3019 11186584 2195
3020 11188780 2363
3021 11191144 2624
3022 11193769 1258
3023 11195028 8948
3024 11203977 3643
3025 11207621 2365
3026 11209987 21886
3027 11231874 864
3028 11232739 403
3029 11233143 1166
3030 11234310 3836
3031 11238147 1131
3032 11239279 3531
3033 11242811 3266
3034 11246078 1593
3035 11247672 1362
3036 11249035 2032
3037 11251068 2160
3038 11253229 1313
3039 11254543 3890
3040 11258434 550
3041 11258985 6448
3042 11265434 2575
3043 11268010 3664
3044 11271675 805
3045 11272481 1285
3046 11273767 2390
3047 11276158 673
3048 11276832 790
3049 11277623 4996
3050 11282620 7380
3051 11290001 1315
3052 11291317 1091
3053 11292409 9037
3054 11301447 11172
3055 11312620 9207
3056 11321828 15915
3057 11337744 8702
3058 11346447 8395
3059 11354843 7328
3060 11362172 11187
3061 11373360 19438
3062 11392799 13522
3063 11406322 5477
3064 11411800 512
3065 11412313 850
3066 11413164 3211
3067 11416376 7344
3068 11423721 559
3069 11424281 1551
3070 11425833 3477
3071 11429311 2114
3072 11431426 9143
3073 11440570 8009
3074 11448580 8577
3075 11457158 4697
3076 11461856 2699
3077 11464556 4095
3078 11468652 7138
3079 11475791 3419
3080 11479211 2848
3081 11482060 697
3082 11482758 1070
3083 11483829 1652
3084 11485482 6648
3085 11492131 1364
3086 11493496 11397
3087 11504894 6332
3088 11511227 4430
3089 11515658 25669
3090 11541328 3758
3091 11545087 5148
3092 11550236 8368
3093 11558605 9753
3094 11568359 4635
3095 11572995 9586
3096 11582582 12729
3097 11595312 4674
3098 11599987 10925
3099 11610913 5117
3100 11616031 1768
3101 11617800 3826
3102 11621627 4779
3103 11626407 3722
3104 11630130 10689
3105 11640820 9856
3106 11650677 6788
3107 11657466 6054
3108 11663521 6562
3109 11670084 5790
3110 11675875 4085
3111 11679961 3913
3112 11683875 3492
3113 11687368 3856
3114 11691225 3344
3115 11694570 12208
3116 11706779 12829
3117 11719609 4241
3118 11723851 2873
3119 11726725 5578
3120 11732304 15845
3121 11748150 4287
3122 11752438 739
3123 11753178 1221
3124 11754400 4402
3125 11758803 4380
3126 11763184 2104
3127 11765289 12968
3128 11778258 6714
3129 11784973 8799
3130 11793773 7716
3131 11801490 10675
3132 11812166 6978
3133 11819145 8946
3134 11828092 2356
3135 11830449 8137
3136 11838587 8273
3137 11846861 3909
3138 11850771 5744
3139 11856516 2563
3140 11859080 13607
3141 11872688 4681
3142 11877370 545
3143 11877916 1552
3144 11879469 3096
3145 11882566 694
3146 11883261 685
3147 11883947 708
3148 11884656 687
3149 11885344 728
3150 11886073 716
3151 11886790 663
3152 11887454 656
3153 11888111 680
3154 11888792 662
3155 11889455 743
3156 11890199 711
3157 11890911 683
3158 11891595 692
3159 11892288 728
3160 11893017 676
3161 11893694 711
3162 11894406 691
3163 11895098 686
3164 11895785 706
3165 11896492 688
3166 11897181 692
3167 11897874 725
3168 11898600 681
3169 11899282 711
3170 11899994 723
3171 11900718 724
3172 11901443 682
3173 11902126 699
3174 11902826 731
3175 11903558 710
3176 11904269 685
3177 11904955 681
3178 11905637 724
3179 11906362 677
3180 11907040 710
3181 11907751 691
3182 11908443 654
3183 11909098 692
3184 11909791 686
3185 11910478 707
3186 11911186 689
3187 11911876 726
3188 11912603 659
3189 11913263 676
3190 11913940 711
3191 11914652 687
3192 11915340 692
3193 11916033 683
3194 11916717 689
3195 11917407 707
3196 11918115 726
3197 11918842 677
3198 11919520 708
3199 11920229 674
3200 11920904 736
3201 11921641 692
3202 11922334 667
3203 11923002 696
3204 11923699 679
3205 11924379 690
3206 11925070 678
3207 11925749 665
3208 11926415 678
3209 11927094 673
3210 11927768 690
3211 11928459 674
3212 11929134 728
3213 11929863 699
3214 11930563 680
3215 11931244 710
3216 11931955 680
3217 11932636 684
3218 11933321 687
3219 11934009 686
3220 11934696 685
3221 11935382 707
3222 11936090 690
3223 11936781 725
3224 11937507 679
3225 11938187 711
3226 11938899 717
3227 11939617 687
3228 11940305 663
3229 11940969 689
3230 11941659 686
3231 11942346 705
3232 11943052 692
3233 11943745 726
3234 11944472 679
3235 11945152 687
3236 11945840 680
3237 11946521 735
3238 11947257 680
3239 11947938 686
3240 11948625 694
3241 11949320 726
3242 11950047 649
3243 11950697 708
3244 11951406 679
3245 11952086 710
3246 11952797 685
3247 11953483 721
3248 11954205 707
3249 11954913 690
3250 11955604 686
3251 11956291 722
3252 11957014 739
3253 11957754 661
3254 11958416 671
3255 11959088 707
3256 11959796 690
3257 11960487 691
3258 11961179 697
3259 11961877 726
3260 11962604 688
3261 11963293 705
3262 11963999 718
3263 11964718 685
3264 11965404 693
3265 11966098 733
3266 11966832 736
3267 11967569 687
3268 11968257 710
3269 11968968 682
3270 11969651 669
3271 11970321 676
3272 11970998 695
3273 11971694 717
3274 11972412 677
3275 11973090 721
3276 11973812 683
3277 11974496 708
3278 11975205 698
3279 11975904 712
3280 11976617 693
3281 11977311 694
3282 11978006 720
3283 11978727 675
3284 11979403 708
3285 11980112 692
3286 11980805 721
3287 11981527 727
3288 11982255 679
3289 11982935 685
3290 11983621 708
3291 11984330 675
3292 11985006 680
3293 11985687 677
3294 11986365 674
3295 11987040 718
3296 11987759 691
3297 11988451 672
3298 11989124 679
3299 11989804 716
3300 11990521 723
3301 11991245 739
3302 11991985 713
3303 11992699 674
3304 11993374 689
3305 11994064 706
3306 11994771 670
3307 11995442 711
3308 11996154 666
3309 11996821 682
3310 11997504 693
3311 11998198 677
3312 11998876 691
3313 11999568 716
3314 12000285 674
3315 12000960 668
3316 12001629 709
3317 12002339 678
3318 12003018 694
3319 12003713 670
3320 12004384 716
3321 12005101 680
3322 12005782 696
3323 12006479 681
3324 12007161 691
3325 12007853 731
3326 12008585 728
3327 12009314 738
3328 12010053 677
3329 12010731 749
3330 12011481 706
3331 12012188 675
3332 12012864 681
3333 12013546 670
3334 12014217 702
3335 12014920 661
3336 12015582 667
3337 12016250 690
3338 12016941 670
3339 12017612 688
3340 12018301 675
3341 12018977 702
3342 12019680 666
3343 12020347 715
3344 12021063 698
3345 12021762 676
3346 12022439 708
3347 12023148 677
3348 12023826 679
3349 12024506 715
3350 12025222 701
3351 12025924 679
3352 12026604 681
3353 12027286 692
3354 12027979 676
3355 12028656 708
3356 12029365 711
3357 12030077 674
3358 12030752 667
3359 12031420 718
3360 12032139 686
3361 12032826 678
3362 12033505 702
3363 12034208 692
3364 12034901 669
3365 12035571 710
3366 12036282 748
3367 12037031 708
3368 12037740 679
3369 12038420 728
3370 12039149 727
3371 12039877 720
3372 12040598 736
3373 12041335 739
3374 12042075 713
3375 12042789 708
3376 12043498 708
3377 12044207 726
3378 12044934 711
3379 12045646 692
3380 12046339 718
3381 12047058 661
3382 12047720 669
3383 12048390 681
3384 12049072 718
3385 12049791 681
3386 12050473 702
3387 12051176 681
3388 12051858 687
3389 12052546 664
3390 12053211 711
3391 12053923 694
3392 12054618 658
3393 12055277 718
3394 12055996 684
3395 12056681 684
3396 12057366 707
3397 12058074 687
3398 12058762 721
3399 12059484 670
3400 12060155 756
3401 12060912 756
3402 12061669 747
3403 12062417 693
3404 12063111 660
3405 12063772 671
3406 12064444 673
3407 12065118 681
3408 12065800 654
3409 12066455 700
3410 12067156 648
3411 12067805 658
3412 12068464 682
3413 12069147 661
3414 12069809 695
3415 12070505 720
3416 12071226 670
3417 12071897 708
3418 12072606 694
3419 12073301 715
3420 12074017 718
3421 12074736 701
3422 12075438 684
3423 12076123 707
3424 12076831 685
3425 12077517 693
3426 12078211 667
3427 12078879 699
3428 12079579 711
3429 12080291 718
3430 12081010 669
3431 12081680 709
3432 12082390 708
3433 12083099 672
3434 12083772 738
3435 12084511 704
3436 12085216 660
3437 12085877 686
3438 12086564 674
3439 12087239 673
3440 12087913 670
3441 12088584 648
3442 12089233 673
3443 12089907 665
3444 12090573 670
3445 12091244 674
3446 12091919 669
3447 12092589 680
3448 12093270 713
3449 12093984 680
3450 12094665 706
3451 12095372 662
3452 12096035 690
3453 12096726 674
3454 12097401 739
3455 12098141 716
3456 12098858 708
3457 12099567 715
3458 12100283 681
3459 12100965 681
3460 12101647 674
3461 12102322 697
3462 12103020 669
3463 12103690 683
3464 12104374 680
3465 12105055 709
3466 12105765 679
3467 12106445 702
3468 12107148 719
3469 12107868 715
3470 12108584 694
3471 12109279 687
3472 12109967 694
3473 12110662 680
3474 12111343 709
3475 12112053 682
3476 12112736 692
3477 12113429 677
3478 12114107 669
3479 12114777 664
3480 12115442 673
3481 12116116 657
3482 12116774 670
3483 12117445 688
3484 12118134 670
3485 12118805 667
3486 12119473 715
3487 12120189 696
3488 12120886 679
3489 12121566 714
3490 12122281 708
3491 12122990 681
3492 12123672 718
3493 12124391 685
3494 12125077 686
3495 12125764 712
3496 12126477 698
3497 12127176 679
3498 12127856 707
3499 12128564 682
3500 12129247 719
3501 12129967 698
3502 12130666 710
3503 12131377 665
3504 12132043 667
3505 12132711 658
3506 12133370 718
3507 12134089 712
3508 12134802 688
3509 12135491 687
3510 12136179 697
3511 12136877 679
3512 12137557 708
3513 12138266 686
3514 12138953 666
3515 12139620 673
3516 12140294 669
3517 12140964 662
3518 12141627 674
3519 12142302 666
3520 12142969 683
3521 12143653 649
3522 12144303 662
3523 12144966 678
3524 12145645 674
3525 12146320 699
3526 12147020 706
3527 12147727 674
3528 12148402 688
3529 12149091 667
3530 12149759 680
3531 12150440 681
3532 12151122 657
3533 12151780 661
3534 12152442 682
3535 12153125 711
3536 12153837 678
3537 12154516 693
3538 12155210 674
3539 12155885 653
3540 12156539 708
3541 12157248 680
3542 12157929 709
3543 12158639 681
3544 12159321 711
3545 12160033 680
3546 12160714 684
3547 12161399 674
3548 12162074 662
3549 12162737 668
3550 12163406 688
3551 12164095 690
3552 12164786 663
3553 12165450 661
3554 12166112 713
3555 12166826 689
3556 12167516 660
3557 12168177 660
3558 12168838 653
3559 12169492 692
3560 12170185 733
3561 12170919 692
3562 12171612 659
3563 12172272 664
3564 12172937 660
3565 12173598 671
3566 12174270 650
3567 12174921 674
3568 12175596 656
3569 12176253 656
3570 12176910 683
3571 12177594 665
3572 12178260 679
3573 12178940 717
3574 12179658 648
3575 12180307 686
3576 12180994 676
3577 12181671 2696
3578 12184368 2771
3579 12187140 1949
3580 12189090 2412
3581 12191503 7148
3582 12198652 1574
3583 12200227 1152
3584 12201380 1152
3585 12202533 1146
3586 12203680 1152
3587 12204833 1152
3588 12205986 1152
3589 12207139 1152
3590 12208292 1152
3591 12209445 1152
3592 12210598 1135
3593 12211734 8059
3594 12219794 5534
3595 12225329 1342
3596 12226672 2024
3597 12228697 4755
3598 12233453 6765
3599 12240219 8148
3600 12248368 3908
3601 12252277 1253
3602 12253531 8800
3603 12262332 6048
3604 12268381 2084
3605 12270466 4447
3606 12274914 1956
3607 12276871 2418
3608 12279290 1292
3609 12280583 2945
3610 12283529 2177
3611 12285707 3032
3612 12288740 2610
3613 12291351 1536
3614 12292888 3417
3615 12296306 1677
3616 12297984 6368
3617 12304353 2486
3618 12306840 2170
3619 12309011 5069
3620 12314081 8539
3621 12322621 5193
3622 12327815 1489
3623 12329305 2481
3624 12331787 2380
3625 12334168 1842
3626 12336011 3509
3627 12339521 3927
3628 12343449 466
3629 12343916 2479
3630 12346396 2106
3631 12348503 2447
3632 12350951 2676
3633 12353628 7982
3634 12361611 5210
3635 12366822 5930
3636 12372753 4561
3637 12377315 2518
3638 12379834 2504
3639 12382339 7396
3640 12389736 8537
3641 12398274 669
3642 12398944 2821
3643 12401766 3272
3644 12405039 1797
3645 12406837 1943
3646 12408781 659
3647 12409441 507
3648 12409949 623
3649 12410573 2595
3650 12413169 2531
3651 12415701 1942
3652 12417644 5774
3653 12423419 2052
3654 12425472 3837
3655 12429310 8160
3656 12437471 4214
3657 12441686 2401
3658 12444088 1596
3659 12445685 3025
3660 12448711 1795
3661 12450507 8333
3662 12458841 1720
3663 12460562 3349
3664 12463912 3698
3665 12467611 6355
3666 12473967 1507
3667 12475475 2697
3668 12478173 2113
3669 12480287 3123
3670 12483411 1624
3671 12485036 8515
3672 12493552 3510
3673 12497063 3402
3674 12500466 7919
3675 12508386 8189
3676 12516576 8612
3677 12525189 5686
3678 12530876 7047
3679 12537924 1814
3680 12539739 6424
3681 12546164 9054
3682 12555219 3873
3683 12559093 2749
3684 12561843 2414
3685 12564258 3883
3686 12568142 4831
3687 12572974 4269
3688 12577244 7047
3689 12584292 8464
3690 12592757 8287
3691 12601045 5429
3692 12606475 7593
3693 12614069 6641
3694 12620711 2898
3695 12623610 1078
3696 12624689 3074
3697 12627764 10618
3698 12638383 7557
3699 12645941 7612
3700 12653554 1061
3701 12654616 2989
3702 12657606 8047
3703 12665654 6931
3704 12672586 4082
3705 12676669 9565
3706 12686235 9624
3707 12695860 2714
3708 12698575 3806
3709 12702382 5686
3710 12708069 14747
3711 12722817 3065
3712 12725883 4463
3713 12730347 7879
3714 12738227 6482
3715 12744710 2527
3716 12747238 3861
3717 12751100 3812
3718 12754913 1879
3719 12756793 3406
3720 12760200 5058
3721 12765259 2260
3722 12767520 1383
3723 12768904 4015
3724 12772920 1003
3725 12773924 3493
3726 12777418 3303
3727 12780722 3695
3728 12784418 3296
3729 12787715 2484
3730 12790200 1006
3731 12791207 1273
3732 12792481 8063
3733 12800545 6985
3734 12807531 4489
3735 12812021 7284
3736 12819306 1016
3737 12820323 3336
3738 12823660 9057
3739 12832718 2164
3740 12834883 6290
3741 12841174 6280
3742 12847455 1162
3743 12848618 830
3744 12849449 6820
3745 12856270 3601
3746 12859872 2700
3747 12862573 1043
3748 12863617 2157
3749 12865775 1024
3750 12866800 5423
3751 12872224 1986
3752 12874211 1519
3753 12875731 1871
3754 12877603 1190
3755 12878794 1197
3756 12879992 6877
3757 12886870 3770
3758 12890641 1042
3759 12891684 2487
3760 12894172 2244
3761 12896417 3244
3762 12899662 2601
3763 12902264 29699
3764 12931964 1116
3765 12933081 1764
3766 12934846 5109
3767 12939956 1272
3768 12941229 1668
3769 12942898 1749
3770 12944648 2433
3771 12947082 1696
3772 12948779 1602
3773 12950382 2643
3774 12953026 3239
3775 12956266 4650
3776 12960917 1803
3777 12962721 977
3778 12963699 1514
3779 12965214 2071
3780 12967286 1547
3781 12968834 1817
3782 12970652 1309
3783 12971962 1921
3784 12973884 1644
3785 12975529 878
3786 12976408 2736
3787 12979145 1889
3788 12981035 6120
3789 12987156 2752
3790 12989909 1420
3791 12991330 1225
3792 12992556 2706
3793 12995263 1475
3794 12996739 2332
3795 12999072 1487
3796 13000560 1359
3797 13001920 2209
3798 13004130 1542
3799 13005673 1732
3800 13007406 5248
3801 13012655 2617
3802 13015273 5587
3803 13020861 1695
3804 13022557 1327
3805 13023885 2999
3806 13026885 1622
3807 13028508 2802
3808 13031311 885
3809 13032197 1620
3810 13033818 4011
3811 13037830 3251
3812 13041082 3010
3813 13044093 3382
3814 13047476 2729
3815 13050206 1427
3816 13051634 1393
3817 13053028 909
3818 13053938 2186
3819 13056125 1650
3820 13057776 1115
3821 13058892 3335
3822 13062228 3206
3823 13065435 3809
3824 13069245 1781
3825 13071027 4903
3826 13075931 3872
3827 13079804 1802
3828 13081607 993
3829 13082601 1294
3830 13083896 1009
3831 13084906 1187
3832 13086094 5068
3833 13091163 2296
3834 13093460 1872
3835 13095333 1154
3836 13096488 1317
3837 13097806 1259
3838 13099066 4188
3839 13103255 1525
3840 13104781 2703
3841 13107485 2158
3842 13109644 1121
3843 13110766 1856
3844 13112623 5001
3845 13117625 2353
